1   0.572121762
2   0.066041854
3   0.086900388
4   0.10012659
5   0.101247271
6   0.570690377
7   0.686317381
8   0.1276819
9   0.714349857
10   0.751731036
11   0.751431448
12   0.7522854
13   0.752113063
14   0.751730121
15   0.751479728
16   0.752492653
17   0.752321802
18   0.751302751
19   0.751991789
20   0.751343542
21   0.751636315
22   0.751499251
23   0.752108209
24   0.751493207
25   0.751449228
26   0.75146617
27   0.751060086
28   0.324123319
29   0.751577981
30   0.751603219
31   0.440559827
32   0.752583708
33   0.752540654
34   0.010564174
35   0.751588326
36   0.080444444
37   0.525210446
38   0.752459371
39   0.444019011
40   0.165739313
41   0.063710951
42   0.648524464
43   0.087698854
44   0.311997258
45   0.751975758
46   0.02149089
47   0.65244925
48   0.243532956
49   0.350539821
50   0.331826509
51   0.00573991
52   0.603391993
53   0.051266209
54   0.012277801
55   0.563431285
56   0.009868448
57   0.752070298
58   0.076910441
59   0.592860139
60   0.431313741
61   0.30604165
62   0.053102873
63   0.008415232
64   0.363121498
65   0.409510221
66   0.478124068
67   0.438769176
68   0.269650877
69   0.024104019
70   0.554839542
71   0.077463953
72   0.015538659
73   0.14027571
74   0.118856548
75   0.00656275
76   0.133766056
77   0.006132855
78   0.300916358
79   0.093389086
80   0.687956402
81   0.276517017
82   0.033226303
83   0.028277058
